-18.849556	-0.000000
-18.811819	-0.002006
-18.774082	-0.004016
-18.736345	-0.006029
-18.698609	-0.008042
-18.660872	-0.010051
-18.623135	-0.012054
-18.585398	-0.014048
-18.547661	-0.016031
-18.509924	-0.017998
-18.472187	-0.019948
-18.434451	-0.021877
-18.396714	-0.023783
-18.358977	-0.025662
-18.321240	-0.027513
-18.283503	-0.029333
-18.245766	-0.031118
-18.208029	-0.032866
-18.170293	-0.034574
-18.132556	-0.036240
-18.094819	-0.037862
-18.057082	-0.039436
-18.019345	-0.040960
-17.981608	-0.042432
-17.943872	-0.043850
-17.906135	-0.045212
-17.868398	-0.046515
-17.830661	-0.047756
-17.792924	-0.048935
-17.755187	-0.050050
-17.717450	-0.051097
-17.679714	-0.052076
-17.641977	-0.052985
-17.604240	-0.053822
-17.566503	-0.054586
-17.528766	-0.055275
-17.491029	-0.055889
-17.453293	-0.056425
-17.415556	-0.056884
-17.377819	-0.057263
-17.340082	-0.057561
-17.302345	-0.057780
-17.264608	-0.057916
-17.226871	-0.057971
-17.189135	-0.057943
-17.151398	-0.057832
-17.113661	-0.057638
-17.075924	-0.057361
-17.038187	-0.057001
-17.000450	-0.056559
-16.962713	-0.056033
-16.924977	-0.055425
-16.887240	-0.054735
-16.849503	-0.053965
-16.811766	-0.053113
-16.774029	-0.052182
-16.736292	-0.051172
-16.698556	-0.050085
-16.660819	-0.048922
-16.623082	-0.047683
-16.585345	-0.046370
-16.547608	-0.044986
-16.509871	-0.043531
-16.472134	-0.042007
-16.434398	-0.040416
-16.396661	-0.038760
-16.358924	-0.037041
-16.321187	-0.035261
-16.283450	-0.033423
-16.245713	-0.031529
-16.207977	-0.029580
-16.170240	-0.027581
-16.132503	-0.025532
-16.094766	-0.023438
-16.057029	-0.021300
-16.019292	-0.019122
-15.981555	-0.016906
-15.943819	-0.014656
-15.906082	-0.012374
-15.868345	-0.010064
-15.830608	-0.007728
-15.792871	-0.005370
-15.755134	-0.002993
-15.717397	-0.000600
-15.679661	0.001805
-15.641924	0.004219
-15.604187	0.006639
-15.566450	0.009061
-15.528713	0.011481
-15.490976	0.013898
-15.453240	0.016306
-15.415503	0.018703
-15.377766	0.021084
-15.340029	0.023448
-15.302292	0.025789
-15.264555	0.028106
-15.226818	0.030393
-15.189082	0.032649
-15.151345	0.034869
-15.113608	0.037051
-15.075871	0.039191
-15.038134	0.041285
-15.000397	0.043331
-14.962661	0.045326
-14.924924	0.047266
-14.887187	0.049148
-14.849450	0.050970
-14.811713	0.052728
-14.773976	0.054420
-14.736239	0.056043
-14.698503	0.057594
-14.660766	0.059071
-14.623029	0.060471
-14.585292	0.061792
-14.547555	0.063032
-14.509818	0.064189
-14.472081	0.065259
-14.434345	0.066242
-14.396608	0.067136
-14.358871	0.067939
-14.321134	0.068649
-14.283397	0.069264
-14.245660	0.069784
-14.207924	0.070207
-14.170187	0.070532
-14.132450	0.070758
-14.094713	0.070885
-14.056976	0.070910
-14.019239	0.070835
-13.981502	0.070658
-13.943766	0.070380
-13.906029	0.069999
-13.868292	0.069516
-13.830555	0.068932
-13.792818	0.068245
-13.755081	0.067458
-13.717344	0.066570
-13.679608	0.065582
-13.641871	0.064495
-13.604134	0.063309
-13.566397	0.062027
-13.528660	0.060649
-13.490923	0.059177
-13.453187	0.057612
-13.415450	0.055956
-13.377713	0.054210
-13.339976	0.052378
-13.302239	0.050460
-13.264502	0.048459
-13.226765	0.046378
-13.189029	0.044218
-13.151292	0.041983
-13.113555	0.039675
-13.075818	0.037297
-13.038081	0.034853
-13.000344	0.032344
-12.962608	0.029774
-12.924871	0.027147
-12.887134	0.024466
-12.849397	0.021734
-12.811660	0.018954
-12.773923	0.016132
-12.736186	0.013269
-12.698450	0.010371
-12.660713	0.007441
-12.622976	0.004482
-12.585239	0.001499
-12.547502	-0.001504
-12.509765	-0.004522
-12.472028	-0.007553
-12.434292	-0.010591
-12.396555	-0.013633
-12.358818	-0.016674
-12.321081	-0.019709
-12.283344	-0.022735
-12.245607	-0.025747
-12.207871	-0.028741
-12.170134	-0.031713
-12.132397	-0.034658
-12.094660	-0.037571
-12.056923	-0.040449
-12.019186	-0.043288
-11.981449	-0.046082
-11.943713	-0.048829
-11.905976	-0.051523
-11.868239	-0.054160
-11.830502	-0.056737
-11.792765	-0.059250
-11.755028	-0.061694
-11.717292	-0.064065
-11.679555	-0.066361
-11.641818	-0.068576
-11.604081	-0.070708
-11.566344	-0.072753
-11.528607	-0.074707
-11.490870	-0.076568
-11.453134	-0.078331
-11.415397	-0.079994
-11.377660	-0.081554
-11.339923	-0.083007
-11.302186	-0.084352
-11.264449	-0.085585
-11.226712	-0.086704
-11.188976	-0.087707
-11.151239	-0.088592
-11.113502	-0.089356
-11.075765	-0.089997
-11.038028	-0.090514
-11.000291	-0.090906
-10.962555	-0.091170
-10.924818	-0.091306
-10.887081	-0.091312
-10.849344	-0.091188
-10.811607	-0.090932
-10.773870	-0.090545
-10.736133	-0.090026
-10.698397	-0.089375
-10.660660	-0.088591
-10.622923	-0.087675
-10.585186	-0.086627
-10.547449	-0.085448
-10.509712	-0.084139
-10.471976	-0.082699
-10.434239	-0.081131
-10.396502	-0.079436
-10.358765	-0.077615
-10.321028	-0.075670
-10.283291	-0.073602
-10.245554	-0.071414
-10.207818	-0.069108
-10.170081	-0.066685
-10.132344	-0.064150
-10.094607	-0.061503
-10.056870	-0.058749
-10.019133	-0.055891
-9.981396	-0.052930
-9.943660	-0.049872
-9.905923	-0.046719
-9.868186	-0.043475
-9.830449	-0.040144
-9.792712	-0.036730
-9.754975	-0.033237
-9.717239	-0.029670
-9.679502	-0.026032
-9.641765	-0.022329
-9.604028	-0.018564
-9.566291	-0.014744
-9.528554	-0.010872
-9.490817	-0.006953
-9.453081	-0.002994
-9.415344	0.001002
-9.377607	0.005028
-9.339870	0.009080
-9.302133	0.013152
-9.264396	0.017237
-9.226660	0.021332
-9.188923	0.025430
-9.151186	0.029525
-9.113449	0.033612
-9.075712	0.037685
-9.037975	0.041738
-9.000238	0.045766
-8.962502	0.049761
-8.924765	0.053720
-8.887028	0.057635
-8.849291	0.061501
-8.811554	0.065313
-8.773817	0.069064
-8.736080	0.072748
-8.698344	0.076360
-8.660607	0.079895
-8.622870	0.083346
-8.585133	0.086709
-8.547396	0.089977
-8.509659	0.093145
-8.471923	0.096209
-8.434186	0.099162
-8.396449	0.102000
-8.358712	0.104718
-8.320975	0.107310
-8.283238	0.109773
-8.245501	0.112101
-8.207765	0.114290
-8.170028	0.116336
-8.132291	0.118235
-8.094554	0.119982
-8.056817	0.121574
-8.019080	0.123007
-7.981343	0.124277
-7.943607	0.125382
-7.905870	0.126318
-7.868133	0.127082
-7.830396	0.127672
-7.792659	0.128085
-7.754922	0.128318
-7.717186	0.128370
-7.679449	0.128239
-7.641712	0.127924
-7.603975	0.127422
-7.566238	0.126732
-7.528501	0.125855
-7.490764	0.124788
-7.453028	0.123532
-7.415291	0.122087
-7.377554	0.120452
-7.339817	0.118627
-7.302080	0.116615
-7.264343	0.114414
-7.226607	0.112026
-7.188870	0.109454
-7.151133	0.106697
-7.113396	0.103758
-7.075659	0.100640
-7.037922	0.097344
-7.000185	0.093873
-6.962449	0.090230
-6.924712	0.086418
-6.886975	0.082441
-6.849238	0.078301
-6.811501	0.074004
-6.773764	0.069553
-6.736027	0.064953
-6.698291	0.060207
-6.660554	0.055322
-6.622817	0.050302
-6.585080	0.045152
-6.547343	0.039878
-6.509606	0.034486
-6.471870	0.028982
-6.434133	0.023371
-6.396396	0.017661
-6.358659	0.011858
-6.320922	0.005969
-6.283185	0.000000
-6.245448	-0.006041
-6.207712	-0.012147
-6.169975	-0.018309
-6.132238	-0.024522
-6.094501	-0.030776
-6.056764	-0.037065
-6.019027	-0.043379
-5.981291	-0.049710
-5.943554	-0.056051
-5.905817	-0.062392
-5.868080	-0.068725
-5.830343	-0.075042
-5.792606	-0.081334
-5.754869	-0.087592
-5.717133	-0.093807
-5.679396	-0.099969
-5.641659	-0.106071
-5.603922	-0.112104
-5.566185	-0.118057
-5.528448	-0.123922
-5.490711	-0.129690
-5.452975	-0.135352
-5.415238	-0.140899
-5.377501	-0.146322
-5.339764	-0.151612
-5.302027	-0.156759
-5.264290	-0.161756
-5.226554	-0.166592
-5.188817	-0.171260
-5.151080	-0.175751
-5.113343	-0.180056
-5.075606	-0.184167
-5.037869	-0.188075
-5.000132	-0.191772
-4.962396	-0.195251
-4.924659	-0.198502
-4.886922	-0.201519
-4.849185	-0.204294
-4.811448	-0.206819
-4.773711	-0.209087
-4.735975	-0.211091
-4.698238	-0.212824
-4.660501	-0.214280
-4.622764	-0.215453
-4.585027	-0.216335
-4.547290	-0.216921
-4.509553	-0.217205
-4.471817	-0.217183
-4.434080	-0.216848
-4.396343	-0.216196
-4.358606	-0.215222
-4.320869	-0.213922
-4.283132	-0.212292
-4.245395	-0.210328
-4.207659	-0.208027
-4.169922	-0.205385
-4.132185	-0.202399
-4.094448	-0.199068
-4.056711	-0.195389
-4.018974	-0.191359
-3.981238	-0.186979
-3.943501	-0.182245
-3.905764	-0.177158
-3.868027	-0.171718
-3.830290	-0.165923
-3.792553	-0.159774
-3.754816	-0.153272
-3.717080	-0.146417
-3.679343	-0.139211
-3.641606	-0.131655
-3.603869	-0.123752
-3.566132	-0.115504
-3.528395	-0.106912
-3.490659	-0.097982
-3.452922	-0.088714
-3.415185	-0.079115
-3.377448	-0.069187
-3.339711	-0.058935
-3.301974	-0.048363
-3.264237	-0.037478
-3.226501	-0.026284
-3.188764	-0.014787
-3.151027	-0.002994
-3.113290	0.009090
-3.075553	0.021457
-3.037816	0.034100
-3.000079	0.047013
-2.962343	0.060186
-2.924606	0.073613
-2.886869	0.087284
-2.849132	0.101192
-2.811395	0.115327
-2.773658	0.129680
-2.735922	0.144242
-2.698185	0.159003
-2.660448	0.173954
-2.622711	0.189083
-2.584974	0.204380
-2.547237	0.219836
-2.509500	0.235439
-2.471764	0.251178
-2.434027	0.267041
-2.396290	0.283018
-2.358553	0.299097
-2.320816	0.315266
-2.283079	0.331514
-2.245342	0.347827
-2.207606	0.364194
-2.169869	0.380603
-2.132132	0.397042
-2.094395	0.413497
-2.056658	0.429956
-2.018921	0.446407
-1.981185	0.462837
-1.943448	0.479234
-1.905711	0.495583
-1.867974	0.511874
-1.830237	0.528092
-1.792500	0.544225
-1.754763	0.560261
-1.717027	0.576186
-1.679290	0.591989
-1.641553	0.607655
-1.603816	0.623173
-1.566079	0.638530
-1.528342	0.653714
-1.490606	0.668712
-1.452869	0.683513
-1.415132	0.698104
-1.377395	0.712473
-1.339658	0.726608
-1.301921	0.740498
-1.264184	0.754132
-1.226448	0.767498
-1.188711	0.780584
-1.150974	0.793381
-1.113237	0.805878
-1.075500	0.818064
-1.037763	0.829929
-1.000026	0.841463
-0.962290	0.852657
-0.924553	0.863500
-0.886816	0.873985
-0.849079	0.884102
-0.811342	0.893842
-0.773605	0.903198
-0.735869	0.912162
-0.698132	0.920725
-0.660395	0.928882
-0.622658	0.936624
-0.584921	0.943945
-0.547184	0.950840
-0.509447	0.957302
-0.471711	0.963325
-0.433974	0.968905
-0.396237	0.974037
-0.358500	0.978717
-0.320763	0.982940
-0.283026	0.986703
-0.245290	0.990002
-0.207553	0.992836
-0.169816	0.995201
-0.132079	0.997095
-0.094342	0.998517
-0.056605	0.999466
-0.018868	0.999941
0.018868	0.999941
0.056605	0.999466
0.094342	0.998517
0.132079	0.997095
0.169816	0.995201
0.207553	0.992836
0.245290	0.990002
0.283026	0.986703
0.320763	0.982940
0.358500	0.978717
0.396237	0.974037
0.433974	0.968905
0.471711	0.963325
0.509447	0.957302
0.547184	0.950840
0.584921	0.943945
0.622658	0.936624
0.660395	0.928882
0.698132	0.920725
0.735869	0.912162
0.773605	0.903198
0.811342	0.893842
0.849079	0.884102
0.886816	0.873985
0.924553	0.863500
0.962290	0.852657
1.000026	0.841463
1.037763	0.829929
1.075500	0.818064
1.113237	0.805878
1.150974	0.793381
1.188711	0.780584
1.226448	0.767498
1.264184	0.754132
1.301921	0.740498
1.339658	0.726608
1.377395	0.712473
1.415132	0.698104
1.452869	0.683513
1.490606	0.668712
1.528342	0.653714
1.566079	0.638530
1.603816	0.623173
1.641553	0.607655
1.679290	0.591989
1.717027	0.576186
1.754763	0.560261
1.792500	0.544225
1.830237	0.528092
1.867974	0.511874
1.905711	0.495583
1.943448	0.479234
1.981185	0.462837
2.018921	0.446407
2.056658	0.429956
2.094395	0.413497
2.132132	0.397042
2.169869	0.380603
2.207606	0.364194
2.245342	0.347827
2.283079	0.331514
2.320816	0.315266
2.358553	0.299097
2.396290	0.283018
2.434027	0.267041
2.471764	0.251178
2.509500	0.235439
2.547237	0.219836
2.584974	0.204380
2.622711	0.189083
2.660448	0.173954
2.698185	0.159003
2.735922	0.144242
2.773658	0.129680
2.811395	0.115327
2.849132	0.101192
2.886869	0.087284
2.924606	0.073613
2.962343	0.060186
3.000079	0.047013
3.037816	0.034100
3.075553	0.021457
3.113290	0.009090
3.151027	-0.002994
3.188764	-0.014787
3.226501	-0.026284
3.264237	-0.037478
3.301974	-0.048363
3.339711	-0.058935
3.377448	-0.069187
3.415185	-0.079115
3.452922	-0.088714
3.490659	-0.097982
3.528395	-0.106912
3.566132	-0.115504
3.603869	-0.123752
3.641606	-0.131655
3.679343	-0.139211
3.717080	-0.146417
3.754816	-0.153272
3.792553	-0.159774
3.830290	-0.165923
3.868027	-0.171718
3.905764	-0.177158
3.943501	-0.182245
3.981238	-0.186979
4.018974	-0.191359
4.056711	-0.195389
4.094448	-0.199068
4.132185	-0.202399
4.169922	-0.205385
4.207659	-0.208027
4.245395	-0.210328
4.283132	-0.212292
4.320869	-0.213922
4.358606	-0.215222
4.396343	-0.216196
4.434080	-0.216848
4.471817	-0.217183
4.509553	-0.217205
4.547290	-0.216921
4.585027	-0.216335
4.622764	-0.215453
4.660501	-0.214280
4.698238	-0.212824
4.735975	-0.211091
4.773711	-0.209087
4.811448	-0.206819
4.849185	-0.204294
4.886922	-0.201519
4.924659	-0.198502
4.962396	-0.195251
5.000132	-0.191772
5.037869	-0.188075
5.075606	-0.184167
5.113343	-0.180056
5.151080	-0.175751
5.188817	-0.171260
5.226554	-0.166592
5.264290	-0.161756
5.302027	-0.156759
5.339764	-0.151612
5.377501	-0.146322
5.415238	-0.140899
5.452975	-0.135352
5.490711	-0.129690
5.528448	-0.123922
5.566185	-0.118057
5.603922	-0.112104
5.641659	-0.106071
5.679396	-0.099969
5.717133	-0.093807
5.754869	-0.087592
5.792606	-0.081334
5.830343	-0.075042
5.868080	-0.068725
5.905817	-0.062392
5.943554	-0.056051
5.981291	-0.049710
6.019027	-0.043379
6.056764	-0.037065
6.094501	-0.030776
6.132238	-0.024522
6.169975	-0.018309
6.207712	-0.012147
6.245448	-0.006041
6.283185	-0.000000
6.320922	0.005969
6.358659	0.011858
6.396396	0.017661
6.434133	0.023371
6.471870	0.028982
6.509606	0.034486
6.547343	0.039878
6.585080	0.045152
6.622817	0.050302
6.660554	0.055322
6.698291	0.060207
6.736027	0.064953
6.773764	0.069553
6.811501	0.074004
6.849238	0.078301
6.886975	0.082441
6.924712	0.086418
6.962449	0.090230
7.000185	0.093873
7.037922	0.097344
7.075659	0.100640
7.113396	0.103758
7.151133	0.106697
7.188870	0.109454
7.226607	0.112026
7.264343	0.114414
7.302080	0.116615
7.339817	0.118627
7.377554	0.120452
7.415291	0.122087
7.453028	0.123532
7.490764	0.124788
7.528501	0.125855
7.566238	0.126732
7.603975	0.127422
7.641712	0.127924
7.679449	0.128239
7.717186	0.128370
7.754922	0.128318
7.792659	0.128085
7.830396	0.127672
7.868133	0.127082
7.905870	0.126318
7.943607	0.125382
7.981343	0.124277
8.019080	0.123007
8.056817	0.121574
8.094554	0.119982
8.132291	0.118235
8.170028	0.116336
8.207765	0.114290
8.245501	0.112101
8.283238	0.109773
8.320975	0.107310
8.358712	0.104718
8.396449	0.102000
8.434186	0.099162
8.471923	0.096209
8.509659	0.093145
8.547396	0.089977
8.585133	0.086709
8.622870	0.083346
8.660607	0.079895
8.698344	0.076360
8.736080	0.072748
8.773817	0.069064
8.811554	0.065313
8.849291	0.061501
8.887028	0.057635
8.924765	0.053720
8.962502	0.049761
9.000238	0.045766
9.037975	0.041738
9.075712	0.037685
9.113449	0.033612
9.151186	0.029525
9.188923	0.025430
9.226660	0.021332
9.264396	0.017237
9.302133	0.013152
9.339870	0.009080
9.377607	0.005028
9.415344	0.001002
9.453081	-0.002994
9.490817	-0.006953
9.528554	-0.010872
9.566291	-0.014744
9.604028	-0.018564
9.641765	-0.022329
9.679502	-0.026032
9.717239	-0.029670
9.754975	-0.033237
9.792712	-0.036730
9.830449	-0.040144
9.868186	-0.043475
9.905923	-0.046719
9.943660	-0.049872
9.981396	-0.052930
10.019133	-0.055891
10.056870	-0.058749
10.094607	-0.061503
10.132344	-0.064150
10.170081	-0.066685
10.207818	-0.069108
10.245554	-0.071414
10.283291	-0.073602
10.321028	-0.075670
10.358765	-0.077615
10.396502	-0.079436
10.434239	-0.081131
10.471976	-0.082699
10.509712	-0.084139
10.547449	-0.085448
10.585186	-0.086627
10.622923	-0.087675
10.660660	-0.088591
10.698397	-0.089375
10.736133	-0.090026
10.773870	-0.090545
10.811607	-0.090932
10.849344	-0.091188
10.887081	-0.091312
10.924818	-0.091306
10.962555	-0.091170
11.000291	-0.090906
11.038028	-0.090514
11.075765	-0.089997
11.113502	-0.089356
11.151239	-0.088592
11.188976	-0.087707
11.226712	-0.086704
11.264449	-0.085585
11.302186	-0.084352
11.339923	-0.083007
11.377660	-0.081554
11.415397	-0.079994
11.453134	-0.078331
11.490870	-0.076568
11.528607	-0.074707
11.566344	-0.072753
11.604081	-0.070708
11.641818	-0.068576
11.679555	-0.066361
11.717292	-0.064065
11.755028	-0.061694
11.792765	-0.059250
11.830502	-0.056737
11.868239	-0.054160
11.905976	-0.051523
11.943713	-0.048829
11.981449	-0.046082
12.019186	-0.043288
12.056923	-0.040449
12.094660	-0.037571
12.132397	-0.034658
12.170134	-0.031713
12.207871	-0.028741
12.245607	-0.025747
12.283344	-0.022735
12.321081	-0.019709
12.358818	-0.016674
12.396555	-0.013633
12.434292	-0.010591
12.472028	-0.007553
12.509765	-0.004522
12.547502	-0.001504
12.585239	0.001499
12.622976	0.004482
12.660713	0.007441
12.698450	0.010371
12.736186	0.013269
12.773923	0.016132
12.811660	0.018954
12.849397	0.021734
12.887134	0.024466
12.924871	0.027147
12.962608	0.029774
13.000344	0.032344
13.038081	0.034853
13.075818	0.037297
13.113555	0.039675
13.151292	0.041983
13.189029	0.044218
13.226765	0.046378
13.264502	0.048459
13.302239	0.050460
13.339976	0.052378
13.377713	0.054210
13.415450	0.055956
13.453187	0.057612
13.490923	0.059177
13.528660	0.060649
13.566397	0.062027
13.604134	0.063309
13.641871	0.064495
13.679608	0.065582
13.717344	0.066570
13.755081	0.067458
13.792818	0.068245
13.830555	0.068932
13.868292	0.069516
13.906029	0.069999
13.943766	0.070380
13.981502	0.070658
14.019239	0.070835
14.056976	0.070910
14.094713	0.070885
14.132450	0.070758
14.170187	0.070532
14.207924	0.070207
14.245660	0.069784
14.283397	0.069264
14.321134	0.068649
14.358871	0.067939
14.396608	0.067136
14.434345	0.066242
14.472081	0.065259
14.509818	0.064189
14.547555	0.063032
14.585292	0.061792
14.623029	0.060471
14.660766	0.059071
14.698503	0.057594
14.736239	0.056043
14.773976	0.054420
14.811713	0.052728
14.849450	0.050970
14.887187	0.049148
14.924924	0.047266
14.962661	0.045326
15.000397	0.043331
15.038134	0.041285
15.075871	0.039191
15.113608	0.037051
15.151345	0.034869
15.189082	0.032649
15.226818	0.030393
15.264555	0.028106
15.302292	0.025789
15.340029	0.023448
15.377766	0.021084
15.415503	0.018703
15.453240	0.016306
15.490976	0.013898
15.528713	0.011481
15.566450	0.009061
15.604187	0.006639
15.641924	0.004219
15.679661	0.001805
15.717397	-0.000600
15.755134	-0.002993
15.792871	-0.005370
15.830608	-0.007728
15.868345	-0.010064
15.906082	-0.012374
15.943819	-0.014656
15.981555	-0.016906
16.019292	-0.019122
16.057029	-0.021300
16.094766	-0.023438
16.132503	-0.025532
16.170240	-0.027581
16.207977	-0.029580
16.245713	-0.031529
16.283450	-0.033423
16.321187	-0.035261
16.358924	-0.037041
16.396661	-0.038760
16.434398	-0.040416
16.472134	-0.042007
16.509871	-0.043531
16.547608	-0.044986
16.585345	-0.046370
16.623082	-0.047683
16.660819	-0.048922
16.698556	-0.050085
16.736292	-0.051172
16.774029	-0.052182
16.811766	-0.053113
16.849503	-0.053965
16.887240	-0.054735
16.924977	-0.055425
16.962713	-0.056033
17.000450	-0.056559
17.038187	-0.057001
17.075924	-0.057361
17.113661	-0.057638
17.151398	-0.057832
17.189135	-0.057943
17.226871	-0.057971
17.264608	-0.057916
17.302345	-0.057780
17.340082	-0.057561
17.377819	-0.057263
17.415556	-0.056884
17.453293	-0.056425
17.491029	-0.055889
17.528766	-0.055275
17.566503	-0.054586
17.604240	-0.053822
17.641977	-0.052985
17.679714	-0.052076
17.717450	-0.051097
17.755187	-0.050050
17.792924	-0.048935
17.830661	-0.047756
17.868398	-0.046515
17.906135	-0.045212
17.943872	-0.043850
17.981608	-0.042432
18.019345	-0.040960
18.057082	-0.039436
18.094819	-0.037862
18.132556	-0.036240
18.170293	-0.034574
18.208029	-0.032866
18.245766	-0.031118
18.283503	-0.029333
18.321240	-0.027513
18.358977	-0.025662
18.396714	-0.023783
18.434451	-0.021877
18.472187	-0.019948
18.509924	-0.017998
18.547661	-0.016031
18.585398	-0.014048
18.623135	-0.012054
18.660872	-0.010051
18.698609	-0.008042
18.736345	-0.006029
18.774082	-0.004016
18.811819	-0.002006
18.849556	-0.000000
