-18.8496   -3.89817e-17
-18.8118   -0.00200554
-18.7741   -0.00401628
-18.7363   -0.0060294
-18.6986   -0.00804203
-18.6609   -0.0100513
-18.6231   -0.0120544
-18.5854   -0.0140485
-18.5477   -0.0160306
-18.5099   -0.0179979
-18.4722   -0.0199476
-18.4345   -0.0218768
-18.3967   -0.0237827
-18.359   -0.0256625
-18.3212   -0.0275134
-18.2835   -0.0293327
-18.2458   -0.0311177
-18.208   -0.0328657
-18.1703   -0.034574
-18.1326   -0.0362401
-18.0948   -0.0378615
-18.0571   -0.0394356
-18.0193   -0.0409601
-17.9816   -0.0424325
-17.9439   -0.0438505
-17.9061   -0.0452119
-17.8684   -0.0465146
-17.8307   -0.0477565
-17.7929   -0.0489354
-17.7552   -0.0500495
-17.7175   -0.051097
-17.6797   -0.052076
-17.642   -0.0529849
-17.6042   -0.0538221
-17.5665   -0.0545861
-17.5288   -0.0552755
-17.491   -0.0558889
-17.4533   -0.0564253
-17.4156   -0.0568835
-17.3778   -0.0572625
-17.3401   -0.0575615
-17.3023   -0.0577796
-17.2646   -0.0579162
-17.2269   -0.0579707
-17.1891   -0.0579428
-17.1514   -0.057832
-17.1137   -0.0576383
-17.0759   -0.0573614
-17.0382   -0.0570015
-17.0005   -0.0565586
-16.9627   -0.056033
-16.925   -0.0554251
-16.8872   -0.0547354
-16.8495   -0.0539645
-16.8118   -0.0531132
-16.774   -0.0521821
-16.7363   -0.0511725
-16.6986   -0.0500852
-16.6608   -0.0489216
-16.6231   -0.0476828
-16.5853   -0.0463703
-16.5476   -0.0449857
-16.5099   -0.0435306
-16.4721   -0.0420066
-16.4344   -0.0404157
-16.3967   -0.0387598
-16.3589   -0.037041
-16.3212   -0.0352613
-16.2835   -0.0334231
-16.2457   -0.0315286
-16.208   -0.0295803
-16.1702   -0.0275807
-16.1325   -0.0255324
-16.0948   -0.023438
-16.057   -0.0213003
-16.0193   -0.0191222
-15.9816   -0.0169065
-15.9438   -0.0146561
-15.9061   -0.0123742
-15.8683   -0.0100637
-15.8306   -0.00772791
-15.7929   -0.00536989
-15.7551   -0.0029929
-15.7174   -0.000600231
-15.6797   0.00180481
-15.6419   0.00421889
-15.6042   0.00663861
-15.5665   0.0090606
-15.5287   0.0114814
-15.491   0.0138976
-15.4532   0.0163058
-15.4155   0.0187025
-15.3778   0.0210843
-15.34   0.0234477
-15.3023   0.0257893
-15.2646   0.0281057
-15.2268   0.0303934
-15.1891   0.0326491
-15.1513   0.0348694
-15.1136   0.037051
-15.0759   0.0391907
-15.0381   0.0412852
-15.0004   0.0433312
-14.9627   0.0453258
-14.9249   0.0472657
-14.8872   0.049148
-14.8494   0.0509697
-14.8117   0.0527279
-14.774   0.0544198
-14.7362   0.0560427
-14.6985   0.057594
-14.6608   0.059071
-14.623   0.0604712
-14.5853   0.0617925
-14.5476   0.0630323
-14.5098   0.0641886
-14.4721   0.0652593
-14.4343   0.0662425
-14.3966   0.0671362
-14.3589   0.0679388
-14.3211   0.0686486
-14.2834   0.0692642
-14.2457   0.0697841
-14.2079   0.0702071
-14.1702   0.0705322
-14.1324   0.0707584
-14.0947   0.0708847
-14.057   0.0709104
-14.0192   0.0708351
-13.9815   0.0706583
-13.9438   0.0703796
-13.906   0.0699989
-13.8683   0.0695162
-13.8306   0.0689316
-13.7928   0.0682453
-13.7551   0.0674579
-13.7173   0.0665698
-13.6796   0.0655818
-13.6419   0.0644947
-13.6041   0.0633094
-13.5664   0.0620272
-13.5287   0.0606492
-13.4909   0.0591769
-13.4532   0.0576119
-13.4154   0.0559558
-13.3777   0.0542105
-13.34   0.0523778
-13.3022   0.05046
-13.2645   0.0484592
-13.2268   0.0463778
-13.189   0.0442183
-13.1513   0.0419832
-13.1136   0.0396753
-13.0758   0.0372975
-13.0381   0.0348526
-13.0003   0.0323437
-12.9626   0.0297741
-12.9249   0.0271469
-12.8871   0.0244656
-12.8494   0.0217335
-12.8117   0.0189544
-12.7739   0.0161317
-12.7362   0.0132693
-12.6984   0.010371
-12.6607   0.00744052
-12.623   0.00448191
-12.5852   0.00149916
-12.5475   -0.00150367
-12.5098   -0.00452247
-12.472   -0.00755308
-12.4343   -0.0105913
-12.3966   -0.0136329
-12.3588   -0.0166736
-12.3211   -0.0197091
-12.2833   -0.0227351
-12.2456   -0.0257473
-12.2079   -0.0287413
-12.1701   -0.0317128
-12.1324   -0.0346576
-12.0947   -0.0375712
-12.0569   -0.0404494
-12.0192   -0.0432878
-11.9814   -0.0460824
-11.9437   -0.0488287
-11.906   -0.0515228
-11.8682   -0.0541603
-11.8305   -0.0567373
-11.7928   -0.0592498
-11.755   -0.0616938
-11.7173   -0.0640653
-11.6796   -0.0663607
-11.6418   -0.0685762
-11.6041   -0.0707081
-11.5663   -0.0727529
-11.5286   -0.0747072
-11.4909   -0.0765676
-11.4531   -0.0783308
-11.4154   -0.0799938
-11.3777   -0.0815536
-11.3399   -0.0830072
-11.3022   -0.084352
-11.2644   -0.0855852
-11.2267   -0.0867045
-11.189   -0.0877074
-11.1512   -0.0885918
-11.1135   -0.0893557
-11.0758   -0.0899971
-11.038   -0.0905143
-11.0003   -0.0909057
-10.9626   -0.0911699
-10.9248   -0.0913057
-10.8871   -0.0913119
-10.8493   -0.0911878
-10.8116   -0.0909324
-10.7739   -0.0905454
-10.7361   -0.0900262
-10.6984   -0.0893748
-10.6607   -0.088591
-10.6229   -0.087675
-10.5852   -0.0866273
-10.5474   -0.0854482
-10.5097   -0.0841386
-10.472   -0.0826993
-10.4342   -0.0811314
-10.3965   -0.0794362
-10.3588   -0.0776152
-10.321   -0.0756698
-10.2833   -0.0736021
-10.2456   -0.0714139
-10.2078   -0.0691075
-10.1701   -0.0666852
-10.1323   -0.0641496
-10.0946   -0.0615033
-10.0569   -0.0587493
-10.0191   -0.0558905
-9.9814   -0.0529303
-9.94366   -0.0498719
-9.90592   -0.046719
-9.86819   -0.0434751
-9.83045   -0.0401442
-9.79271   -0.0367302
-9.75498   -0.0332374
-9.71724   -0.0296699
-9.6795   -0.0260321
-9.64176   -0.0223287
-9.60403   -0.0185643
-9.56629   -0.0147436
-9.52855   -0.0108716
-9.49082   -0.00695319
-9.45308   -0.00299361
-9.41534   0.00100199
-9.37761   0.00502832
-9.33987   0.00907999
-9.30213   0.0131516
-9.2644   0.0172375
-9.22666   0.0213322
-9.18892   0.02543
-9.15119   0.0295253
-9.11345   0.0336123
-9.07571   0.0376852
-9.03798   0.0417382
-9.00024   0.0457656
-8.9625   0.0497614
-8.92476   0.0537199
-8.88703   0.0576351
-8.84929   0.0615014
-8.81155   0.0653128
-8.77382   0.0690635
-8.73608   0.072748
-8.69834   0.0763603
-8.66061   0.079895
-8.62287   0.0833463
-8.58513   0.0867087
-8.5474   0.0899769
-8.50966   0.0931453
-8.47192   0.0962088
-8.43419   0.099162
-8.39645   0.102
-8.35871   0.104718
-8.32098   0.10731
-8.28324   0.109773
-8.2455   0.112101
-8.20776   0.11429
-8.17003   0.116336
-8.13229   0.118235
-8.09455   0.119982
-8.05682   0.121574
-8.01908   0.123007
-7.98134   0.124277
-7.94361   0.125382
-7.90587   0.126318
-7.86813   0.127082
-7.8304   0.127672
-7.79266   0.128085
-7.75492   0.128318
-7.71719   0.12837
-7.67945   0.128239
-7.64171   0.127924
-7.60398   0.127422
-7.56624   0.126732
-7.5285   0.125855
-7.49076   0.124788
-7.45303   0.123532
-7.41529   0.122087
-7.37755   0.120452
-7.33982   0.118627
-7.30208   0.116615
-7.26434   0.114414
-7.22661   0.112026
-7.18887   0.109454
-7.15113   0.106697
-7.1134   0.103758
-7.07566   0.10064
-7.03792   0.0973437
-7.00019   0.0938727
-6.96245   0.0902298
-6.92471   0.0864179
-6.88697   0.0824406
-6.84924   0.0783014
-6.8115   0.0740042
-6.77376   0.0695532
-6.73603   0.0649527
-6.69829   0.0602073
-6.66055   0.055322
-6.62282   0.0503018
-6.58508   0.045152
-6.54734   0.0398782
-6.50961   0.0344862
-6.47187   0.0289818
-6.43413   0.0233714
-6.3964   0.0176613
-6.35866   0.0118582
-6.32092   0.00596873
-6.28319   -3.89817e-17
-6.24545   -0.00604086
-6.20771   -0.0121465
-6.16997   -0.0183095
-6.13224   -0.024522
-6.0945   -0.0307764
-6.05676   -0.0370646
-6.01903   -0.0433785
-5.98129   -0.04971
-5.94355   -0.0560506
-5.90582   -0.0623919
-5.86808   -0.0687254
-5.83034   -0.0750424
-5.79261   -0.0813342
-5.75487   -0.0875918
-5.71713   -0.0938066
-5.6794   -0.0999695
-5.64166   -0.106071
-5.60392   -0.112104
-5.56619   -0.118057
-5.52845   -0.123922
-5.49071   -0.12969
-5.45297   -0.135352
-5.41524   -0.140899
-5.3775   -0.146322
-5.33976   -0.151612
-5.30203   -0.156759
-5.26429   -0.161756
-5.22655   -0.166592
-5.18882   -0.17126
-5.15108   -0.175751
-5.11334   -0.180056
-5.07561   -0.184167
-5.03787   -0.188075
-5.00013   -0.191772
-4.9624   -0.195251
-4.92466   -0.198502
-4.88692   -0.201519
-4.84919   -0.204294
-4.81145   -0.206819
-4.77371   -0.209087
-4.73597   -0.211091
-4.69824   -0.212824
-4.6605   -0.21428
-4.62276   -0.215453
-4.58503   -0.216335
-4.54729   -0.216921
-4.50955   -0.217205
-4.47182   -0.217183
-4.43408   -0.216848
-4.39634   -0.216196
-4.35861   -0.215222
-4.32087   -0.213922
-4.28313   -0.212292
-4.2454   -0.210328
-4.20766   -0.208027
-4.16992   -0.205385
-4.13218   -0.202399
-4.09445   -0.199068
-4.05671   -0.195389
-4.01897   -0.191359
-3.98124   -0.186979
-3.9435   -0.182245
-3.90576   -0.177158
-3.86803   -0.171718
-3.83029   -0.165923
-3.79255   -0.159774
-3.75482   -0.153272
-3.71708   -0.146417
-3.67934   -0.139211
-3.64161   -0.131655
-3.60387   -0.123752
-3.56613   -0.115504
-3.5284   -0.106912
-3.49066   -0.0979816
-3.45292   -0.0887144
-3.41518   -0.0791148
-3.37745   -0.0691868
-3.33971   -0.0589347
-3.30197   -0.0483635
-3.26424   -0.0374781
-3.2265   -0.0262842
-3.18876   -0.0147874
-3.15103   -0.00299397
-3.11329   0.0090897
-3.07555   0.0214568
-3.03782   0.0341002
-3.00008   0.0470125
-2.96234   0.060186
-2.92461   0.0736127
-2.88687   0.0872842
-2.84913   0.101192
-2.8114   0.115327
-2.77366   0.12968
-2.73592   0.144242
-2.69818   0.159003
-2.66045   0.173954
-2.62271   0.189083
-2.58497   0.20438
-2.54724   0.219836
-2.5095   0.235439
-2.47176   0.251178
-2.43403   0.267041
-2.39629   0.283018
-2.35855   0.299097
-2.32082   0.315266
-2.28308   0.331514
-2.24534   0.347827
-2.20761   0.364194
-2.16987   0.380603
-2.13213   0.397042
-2.0944   0.413497
-2.05666   0.429956
-2.01892   0.446407
-1.98118   0.462837
-1.94345   0.479234
-1.90571   0.495583
-1.86797   0.511874
-1.83024   0.528092
-1.7925   0.544225
-1.75476   0.560261
-1.71703   0.576186
-1.67929   0.591989
-1.64155   0.607655
-1.60382   0.623173
-1.56608   0.63853
-1.52834   0.653714
-1.49061   0.668712
-1.45287   0.683513
-1.41513   0.698104
-1.37739   0.712473
-1.33966   0.726608
-1.30192   0.740498
-1.26418   0.754132
-1.22645   0.767498
-1.18871   0.780584
-1.15097   0.793381
-1.11324   0.805878
-1.0755   0.818064
-1.03776   0.829929
-1.00003   0.841463
-0.96229   0.852657
-0.924553   0.8635
-0.886816   0.873985
-0.849079   0.884102
-0.811342   0.893842
-0.773605   0.903198
-0.735869   0.912162
-0.698132   0.920725
-0.660395   0.928882
-0.622658   0.936624
-0.584921   0.943945
-0.547184   0.95084
-0.509447   0.957302
-0.471711   0.963325
-0.433974   0.968905
-0.396237   0.974037
-0.3585   0.978717
-0.320763   0.98294
-0.283026   0.986703
-0.24529   0.990002
-0.207553   0.992836
-0.169816   0.995201
-0.132079   0.997095
-0.0943421   0.998517
-0.0566053   0.999466
-0.0188684   0.999941
0.0188684   0.999941
0.0566053   0.999466
0.0943421   0.998517
0.132079   0.997095
0.169816   0.995201
0.207553   0.992836
0.24529   0.990002
0.283026   0.986703
0.320763   0.98294
0.3585   0.978717
0.396237   0.974037
0.433974   0.968905
0.471711   0.963325
0.509447   0.957302
0.547184   0.95084
0.584921   0.943945
0.622658   0.936624
0.660395   0.928882
0.698132   0.920725
0.735869   0.912162
0.773605   0.903198
0.811342   0.893842
0.849079   0.884102
0.886816   0.873985
0.924553   0.8635
0.96229   0.852657
1.00003   0.841463
1.03776   0.829929
1.0755   0.818064
1.11324   0.805878
1.15097   0.793381
1.18871   0.780584
1.22645   0.767498
1.26418   0.754132
1.30192   0.740498
1.33966   0.726608
1.37739   0.712473
1.41513   0.698104
1.45287   0.683513
1.49061   0.668712
1.52834   0.653714
1.56608   0.63853
1.60382   0.623173
1.64155   0.607655
1.67929   0.591989
1.71703   0.576186
1.75476   0.560261
1.7925   0.544225
1.83024   0.528092
1.86797   0.511874
1.90571   0.495583
1.94345   0.479234
1.98118   0.462837
2.01892   0.446407
2.05666   0.429956
2.0944   0.413497
2.13213   0.397042
2.16987   0.380603
2.20761   0.364194
2.24534   0.347827
2.28308   0.331514
2.32082   0.315266
2.35855   0.299097
2.39629   0.283018
2.43403   0.267041
2.47176   0.251178
2.5095   0.235439
2.54724   0.219836
2.58497   0.20438
2.62271   0.189083
2.66045   0.173954
2.69818   0.159003
2.73592   0.144242
2.77366   0.12968
2.8114   0.115327
2.84913   0.101192
2.88687   0.0872842
2.92461   0.0736127
2.96234   0.060186
3.00008   0.0470125
3.03782   0.0341002
3.07555   0.0214568
3.11329   0.0090897
3.15103   -0.00299397
3.18876   -0.0147874
3.2265   -0.0262842
3.26424   -0.0374781
3.30197   -0.0483635
3.33971   -0.0589347
3.37745   -0.0691868
3.41518   -0.0791148
3.45292   -0.0887144
3.49066   -0.0979816
3.5284   -0.106912
3.56613   -0.115504
3.60387   -0.123752
3.64161   -0.131655
3.67934   -0.139211
3.71708   -0.146417
3.75482   -0.153272
3.79255   -0.159774
3.83029   -0.165923
3.86803   -0.171718
3.90576   -0.177158
3.9435   -0.182245
3.98124   -0.186979
4.01897   -0.191359
4.05671   -0.195389
4.09445   -0.199068
4.13218   -0.202399
4.16992   -0.205385
4.20766   -0.208027
4.2454   -0.210328
4.28313   -0.212292
4.32087   -0.213922
4.35861   -0.215222
4.39634   -0.216196
4.43408   -0.216848
4.47182   -0.217183
4.50955   -0.217205
4.54729   -0.216921
4.58503   -0.216335
4.62276   -0.215453
4.6605   -0.21428
4.69824   -0.212824
4.73597   -0.211091
4.77371   -0.209087
4.81145   -0.206819
4.84919   -0.204294
4.88692   -0.201519
4.92466   -0.198502
4.9624   -0.195251
5.00013   -0.191772
5.03787   -0.188075
5.07561   -0.184167
5.11334   -0.180056
5.15108   -0.175751
5.18882   -0.17126
5.22655   -0.166592
5.26429   -0.161756
5.30203   -0.156759
5.33976   -0.151612
5.3775   -0.146322
5.41524   -0.140899
5.45297   -0.135352
5.49071   -0.12969
5.52845   -0.123922
5.56619   -0.118057
5.60392   -0.112104
5.64166   -0.106071
5.6794   -0.0999695
5.71713   -0.0938066
5.75487   -0.0875918
5.79261   -0.0813342
5.83034   -0.0750424
5.86808   -0.0687254
5.90582   -0.0623919
5.94355   -0.0560506
5.98129   -0.04971
6.01903   -0.0433785
6.05676   -0.0370646
6.0945   -0.0307764
6.13224   -0.024522
6.16997   -0.0183095
6.20771   -0.0121465
6.24545   -0.00604086
6.28319   -3.89817e-17
6.32092   0.00596873
6.35866   0.0118582
6.3964   0.0176613
6.43413   0.0233714
6.47187   0.0289818
6.50961   0.0344862
6.54734   0.0398782
6.58508   0.045152
6.62282   0.0503018
6.66055   0.055322
6.69829   0.0602073
6.73603   0.0649527
6.77376   0.0695532
6.8115   0.0740042
6.84924   0.0783014
6.88697   0.0824406
6.92471   0.0864179
6.96245   0.0902298
7.00019   0.0938727
7.03792   0.0973437
7.07566   0.10064
7.1134   0.103758
7.15113   0.106697
7.18887   0.109454
7.22661   0.112026
7.26434   0.114414
7.30208   0.116615
7.33982   0.118627
7.37755   0.120452
7.41529   0.122087
7.45303   0.123532
7.49076   0.124788
7.5285   0.125855
7.56624   0.126732
7.60398   0.127422
7.64171   0.127924
7.67945   0.128239
7.71719   0.12837
7.75492   0.128318
7.79266   0.128085
7.8304   0.127672
7.86813   0.127082
7.90587   0.126318
7.94361   0.125382
7.98134   0.124277
8.01908   0.123007
8.05682   0.121574
8.09455   0.119982
8.13229   0.118235
8.17003   0.116336
8.20776   0.11429
8.2455   0.112101
8.28324   0.109773
8.32098   0.10731
8.35871   0.104718
8.39645   0.102
8.43419   0.099162
8.47192   0.0962088
8.50966   0.0931453
8.5474   0.0899769
8.58513   0.0867087
8.62287   0.0833463
8.66061   0.079895
8.69834   0.0763603
8.73608   0.072748
8.77382   0.0690635
8.81155   0.0653128
8.84929   0.0615014
8.88703   0.0576351
8.92476   0.0537199
8.9625   0.0497614
9.00024   0.0457656
9.03798   0.0417382
9.07571   0.0376852
9.11345   0.0336123
9.15119   0.0295253
9.18892   0.02543
9.22666   0.0213322
9.2644   0.0172375
9.30213   0.0131516
9.33987   0.00907999
9.37761   0.00502832
9.41534   0.00100199
9.45308   -0.00299361
9.49082   -0.00695319
9.52855   -0.0108716
9.56629   -0.0147436
9.60403   -0.0185643
9.64176   -0.0223287
9.6795   -0.0260321
9.71724   -0.0296699
9.75498   -0.0332374
9.79271   -0.0367302
9.83045   -0.0401442
9.86819   -0.0434751
9.90592   -0.046719
9.94366   -0.0498719
9.9814   -0.0529303
10.0191   -0.0558905
10.0569   -0.0587493
10.0946   -0.0615033
10.1323   -0.0641496
10.1701   -0.0666852
10.2078   -0.0691075
10.2456   -0.0714139
10.2833   -0.0736021
10.321   -0.0756698
10.3588   -0.0776152
10.3965   -0.0794362
10.4342   -0.0811314
10.472   -0.0826993
10.5097   -0.0841386
10.5474   -0.0854482
10.5852   -0.0866273
10.6229   -0.087675
10.6607   -0.088591
10.6984   -0.0893748
10.7361   -0.0900262
10.7739   -0.0905454
10.8116   -0.0909324
10.8493   -0.0911878
10.8871   -0.0913119
10.9248   -0.0913057
10.9626   -0.0911699
11.0003   -0.0909057
11.038   -0.0905143
11.0758   -0.0899971
11.1135   -0.0893557
11.1512   -0.0885918
11.189   -0.0877074
11.2267   -0.0867045
11.2644   -0.0855852
11.3022   -0.084352
11.3399   -0.0830072
11.3777   -0.0815536
11.4154   -0.0799938
11.4531   -0.0783308
11.4909   -0.0765676
11.5286   -0.0747072
11.5663   -0.0727529
11.6041   -0.0707081
11.6418   -0.0685762
11.6796   -0.0663607
11.7173   -0.0640653
11.755   -0.0616938
11.7928   -0.0592498
11.8305   -0.0567373
11.8682   -0.0541603
11.906   -0.0515228
11.9437   -0.0488287
11.9814   -0.0460824
12.0192   -0.0432878
12.0569   -0.0404494
12.0947   -0.0375712
12.1324   -0.0346576
12.1701   -0.0317128
12.2079   -0.0287413
12.2456   -0.0257473
12.2833   -0.0227351
12.3211   -0.0197091
12.3588   -0.0166736
12.3966   -0.0136329
12.4343   -0.0105913
12.472   -0.00755308
12.5098   -0.00452247
12.5475   -0.00150367
12.5852   0.00149916
12.623   0.00448191
12.6607   0.00744052
12.6984   0.010371
12.7362   0.0132693
12.7739   0.0161317
12.8117   0.0189544
12.8494   0.0217335
12.8871   0.0244656
12.9249   0.0271469
12.9626   0.0297741
13.0003   0.0323437
13.0381   0.0348526
13.0758   0.0372975
13.1136   0.0396753
13.1513   0.0419832
13.189   0.0442183
13.2268   0.0463778
13.2645   0.0484592
13.3022   0.05046
13.34   0.0523778
13.3777   0.0542105
13.4154   0.0559558
13.4532   0.0576119
13.4909   0.0591769
13.5287   0.0606492
13.5664   0.0620272
13.6041   0.0633094
13.6419   0.0644947
13.6796   0.0655818
13.7173   0.0665698
13.7551   0.0674579
13.7928   0.0682453
13.8306   0.0689316
13.8683   0.0695162
13.906   0.0699989
13.9438   0.0703796
13.9815   0.0706583
14.0192   0.0708351
14.057   0.0709104
14.0947   0.0708847
14.1324   0.0707584
14.1702   0.0705322
14.2079   0.0702071
14.2457   0.0697841
14.2834   0.0692642
14.3211   0.0686486
14.3589   0.0679388
14.3966   0.0671362
14.4343   0.0662425
14.4721   0.0652593
14.5098   0.0641886
14.5476   0.0630323
14.5853   0.0617925
14.623   0.0604712
14.6608   0.059071
14.6985   0.057594
14.7362   0.0560427
14.774   0.0544198
14.8117   0.0527279
14.8494   0.0509697
14.8872   0.049148
14.9249   0.0472657
14.9627   0.0453258
15.0004   0.0433312
15.0381   0.0412852
15.0759   0.0391907
15.1136   0.037051
15.1513   0.0348694
15.1891   0.0326491
15.2268   0.0303934
15.2646   0.0281057
15.3023   0.0257893
15.34   0.0234477
15.3778   0.0210843
15.4155   0.0187025
15.4532   0.0163058
15.491   0.0138976
15.5287   0.0114814
15.5665   0.0090606
15.6042   0.00663861
15.6419   0.00421889
15.6797   0.00180481
15.7174   -0.000600231
15.7551   -0.0029929
15.7929   -0.00536989
15.8306   -0.00772791
15.8683   -0.0100637
15.9061   -0.0123742
15.9438   -0.0146561
15.9816   -0.0169065
16.0193   -0.0191222
16.057   -0.0213003
16.0948   -0.023438
16.1325   -0.0255324
16.1702   -0.0275807
16.208   -0.0295803
16.2457   -0.0315286
16.2835   -0.0334231
16.3212   -0.0352613
16.3589   -0.037041
16.3967   -0.0387598
16.4344   -0.0404157
16.4721   -0.0420066
16.5099   -0.0435306
16.5476   -0.0449857
16.5853   -0.0463703
16.6231   -0.0476828
16.6608   -0.0489216
16.6986   -0.0500852
16.7363   -0.0511725
16.774   -0.0521821
16.8118   -0.0531132
16.8495   -0.0539645
16.8872   -0.0547354
16.925   -0.0554251
16.9627   -0.056033
17.0005   -0.0565586
17.0382   -0.0570015
17.0759   -0.0573614
17.1137   -0.0576383
17.1514   -0.057832
17.1891   -0.0579428
17.2269   -0.0579707
17.2646   -0.0579162
17.3023   -0.0577796
17.3401   -0.0575615
17.3778   -0.0572625
17.4156   -0.0568835
17.4533   -0.0564253
17.491   -0.0558889
17.5288   -0.0552755
17.5665   -0.0545861
17.6042   -0.0538221
17.642   -0.0529849
17.6797   -0.052076
17.7175   -0.051097
17.7552   -0.0500495
17.7929   -0.0489354
17.8307   -0.0477565
17.8684   -0.0465146
17.9061   -0.0452119
17.9439   -0.0438505
17.9816   -0.0424325
18.0193   -0.0409601
18.0571   -0.0394356
18.0948   -0.0378615
18.1326   -0.0362401
18.1703   -0.034574
18.208   -0.0328657
18.2458   -0.0311177
18.2835   -0.0293327
18.3212   -0.0275134
18.359   -0.0256625
18.3967   -0.0237827
18.4345   -0.0218768
18.4722   -0.0199476
18.5099   -0.0179979
18.5477   -0.0160306
18.5854   -0.0140485
18.6231   -0.0120544
18.6609   -0.0100513
18.6986   -0.00804203
18.7363   -0.0060294
18.7741   -0.00401628
18.8118   -0.00200554
18.8496   -3.89817e-17
