-18.8495559215	-0.0000000000
-18.8118568097	-0.0020035334
-18.7741576979	-0.0040122602
-18.7364585860	-0.0060233573
-18.6987594742	-0.0080339869
-18.6610603623	-0.0100413005
-18.6233612505	-0.0120424427
-18.5856621386	-0.0140345555
-18.5479630268	-0.0160147818
-18.5102639150	-0.0179802701
-18.4725648031	-0.0199281776
-18.4348656913	-0.0218556751
-18.3971665794	-0.0237599505
-18.3594674676	-0.0256382127
-18.3217683557	-0.0274876962
-18.2840692439	-0.0293056643
-18.2463701320	-0.0310894137
-18.2086710202	-0.0328362780
-18.1709719084	-0.0345436317
-18.1332727965	-0.0362088942
-18.0955736847	-0.0378295332
-18.0578745728	-0.0394030690
-18.0201754610	-0.0409270775
-17.9824763491	-0.0423991944
-17.9447772373	-0.0438171186
-17.9070781255	-0.0451786153
-17.8693790136	-0.0464815201
-17.8316799018	-0.0477237415
-17.7939807899	-0.0489032648
-17.7562816781	-0.0500181550
-17.7185825662	-0.0510665596
-17.6808834544	-0.0520467119
-17.6431843426	-0.0529569336
-17.6054852307	-0.0537956377
-17.5677861189	-0.0545613308
-17.5300870070	-0.0552526157
-17.4923878952	-0.0558681942
-17.4546887833	-0.0564068685
-17.4169896715	-0.0568675440
-17.3792905597	-0.0572492308
-17.3415914478	-0.0575510461
-17.3038923360	-0.0577722151
-17.2661932241	-0.0579120731
-17.2284941123	-0.0579700669
-17.1907950004	-0.0579457558
-17.1530958886	-0.0578388128
-17.1153967768	-0.0576490254
-17.0776976649	-0.0573762969
-17.0399985531	-0.0570206464
-17.0022994412	-0.0565822097
-16.9646003294	-0.0560612392
-16.9269012175	-0.0554581046
-16.8892021057	-0.0547732925
-16.8515029939	-0.0540074064
-16.8138038820	-0.0531611663
-16.7761047702	-0.0522354082
-16.7384056583	-0.0512310834
-16.7007065465	-0.0501492579
-16.6630074346	-0.0489911112
-16.6253083228	-0.0477579353
-16.5876092110	-0.0464511331
-16.5499100991	-0.0450722174
-16.5122109873	-0.0436228089
-16.4745118754	-0.0421046348
-16.4368127636	-0.0405195263
-16.3991136517	-0.0388694172
-16.3614145399	-0.0371563410
-16.3237154281	-0.0353824291
-16.2860163162	-0.0335499079
-16.2483172044	-0.0316610962
-16.2106180925	-0.0297184026
-16.1729189807	-0.0277243222
-16.1352198688	-0.0256814338
-16.0975207570	-0.0235923967
-16.0598216452	-0.0214599471
-16.0221225333	-0.0192868950
-15.9844234215	-0.0170761202
-15.9467243096	-0.0148305691
-15.9090251978	-0.0125532506
-15.8713260859	-0.0102472323
-15.8336269741	-0.0079156364
-15.7959278622	-0.0055616357
-15.7582287504	-0.0031884496
-15.7205296386	-0.0007993395
-15.6828305267	0.0016023954
-15.6451314149	0.0040134223
-15.6074323030	0.0064303796
-15.5697331912	0.0088498813
-15.5320340793	0.0112685214
-15.4943349675	0.0136828790
-15.4566358557	0.0160895223
-15.4189367438	0.0184850141
-15.3812376320	0.0208659158
-15.3435385201	0.0232287929
-15.3058394083	0.0255702191
-15.2681402964	0.0278867814
-15.2304411846	0.0301750852
-15.1927420728	0.0324317585
-15.1550429609	0.0346534570
-15.1173438491	0.0368368691
-15.0796447372	0.0389787202
-15.0419456254	0.0410757776
-15.0042465135	0.0431248554
-14.9665474017	0.0451228189
-14.9288482899	0.0470665892
-14.8911491780	0.0489531479
-14.8534500662	0.0507795413
-14.8157509543	0.0525428852
-14.7780518425	0.0542403690
-14.7403527306	0.0558692599
-14.7026536188	0.0574269072
-14.6649545070	0.0589107465
-14.6272553951	0.0603183032
-14.5895562833	0.0616471971
-14.5518571714	0.0628951454
-14.5141580596	0.0640599670
-14.4764589477	0.0651395855
-14.4387598359	0.0661320332
-14.4010607241	0.0670354537
-14.3633616122	0.0678481054
-14.3256625004	0.0685683647
-14.2879633885	0.0691947283
-14.2502642767	0.0697258164
-14.2125651648	0.0701603749
-14.1748660530	0.0704972780
-14.1371669412	0.0707355303
-14.0994678293	0.0708742688
-14.0617687175	0.0709127650
-14.0240696056	0.0708504263
-13.9863704938	0.0706867979
-13.9486713819	0.0704215637
-13.9109722701	0.0700545479
-13.8732731583	0.0695857155
-13.8355740464	0.0690151736
-13.7978749346	0.0683431717
-13.7601758227	0.0675701021
-13.7224767109	0.0666965003
-13.6847775990	0.0657230448
-13.6470784872	0.0646505571
-13.6093793754	0.0634800011
-13.5716802635	0.0622124828
-13.5339811517	0.0608492496
-13.4962820398	0.0593916889
-13.4585829280	0.0578413274
-13.4208838161	0.0561998294
-13.3831847043	0.0544689955
-13.3454855924	0.0526507608
-13.3077864806	0.0507471929
-13.2700873688	0.0487604899
-13.2323882569	0.0466929779
-13.1946891451	0.0445471088
-13.1569900332	0.0423254570
-13.1192909214	0.0400307176
-13.0815918095	0.0376657022
-13.0438926977	0.0352333365
-13.0061935859	0.0327366565
-12.9684944740	0.0301788051
-12.9307953622	0.0275630283
-12.8930962503	0.0248926715
-12.8553971385	0.0221711752
-12.8176980266	0.0194020710
-12.7799989148	0.0165889771
-12.7422998030	0.0137355942
-12.7046006911	0.0108457002
-12.6669015793	0.0079231463
-12.6292024674	0.0049718515
-12.5915033556	0.0019957979
-12.5538042437	-0.0010009747
-12.5161051319	-0.0040143733
-12.4784060201	-0.0070402579
-12.4407069082	-0.0100744463
-12.4030077964	-0.0131127197
-12.3653086845	-0.0161508285
-12.3276095727	-0.0191844977
-12.2899104608	-0.0222094324
-12.2522113490	-0.0252213242
-12.2145122372	-0.0282158564
-12.1768131253	-0.0311887102
-12.1391140135	-0.0341355704
-12.1014149016	-0.0370521315
-12.0637157898	-0.0399341034
-12.0260166779	-0.0427772177
-11.9883175661	-0.0455772333
-11.9506184543	-0.0483299426
-11.9129193424	-0.0510311772
-11.8752202306	-0.0536768142
-11.8375211187	-0.0562627818
-11.7998220069	-0.0587850652
-11.7621228950	-0.0612397125
-11.7244237832	-0.0636228406
-11.6867246714	-0.0659306405
-11.6490255595	-0.0681593833
-11.6113264477	-0.0703054259
-11.5736273358	-0.0723652158
-11.5359282240	-0.0743352975
-11.4982291121	-0.0762123168
-11.4605300003	-0.0779930269
-11.4228308885	-0.0796742926
-11.3851317766	-0.0812530961
-11.3474326648	-0.0827265414
-11.3097335529	-0.0840918587
-11.2720344411	-0.0853464099
-11.2343353292	-0.0864876919
-11.1966362174	-0.0875133418
-11.1589371056	-0.0884211404
-11.1212379937	-0.0892090163
-11.0835388819	-0.0898750498
-11.0458397700	-0.0904174764
-11.0081406582	-0.0908346900
-10.9704415463	-0.0911252464
-10.9327424345	-0.0912878662
-10.8950433226	-0.0913214374
-10.8573442108	-0.0912250184
-10.8196450990	-0.0909978401
-10.7819459871	-0.0906393080
-10.7442468753	-0.0901490046
-10.7065477634	-0.0895266906
-10.6688486516	-0.0887723067
-10.6311495397	-0.0878859750
-10.5934504279	-0.0868679996
-10.5557513161	-0.0857188679
-10.5180522042	-0.0844392509
-10.4803530924	-0.0830300036
-10.4426539805	-0.0814921651
-10.4049548687	-0.0798269584
-10.3672557568	-0.0780357901
-10.3295566450	-0.0761202498
-10.2918575332	-0.0740821089
-10.2541584213	-0.0719233200
-10.2164593095	-0.0696460149
-10.1787601976	-0.0672525035
-10.1410610858	-0.0647452717
-10.1033619739	-0.0621269794
-10.0656628621	-0.0594004579
-10.0279637503	-0.0565687076
-9.9902646384	-0.0536348950
-9.9525655266	-0.0506023497
-9.9148664147	-0.0474745612
-9.8771673029	-0.0442551749
-9.8394681910	-0.0409479890
-9.8017690792	-0.0375569501
-9.7640699674	-0.0340861491
-9.7263708555	-0.0305398165
-9.6886717437	-0.0269223185
-9.6509726318	-0.0232381512
-9.6132735200	-0.0194919362
-9.5755744081	-0.0156884154
-9.5378752963	-0.0118324450
-9.5001761845	-0.0079289904
-9.4624770726	-0.0039831201
-9.4247779608	0.0000000000
-9.3870788489	0.0040151130
-9.3493797371	0.0080568773
-9.3116806252	0.0121198728
-9.2739815134	0.0161986078
-9.2362824016	0.0202875255
-9.1985832897	0.0243810111
-9.1608841779	0.0284733986
-9.1231850660	0.0325589780
-9.0854859542	0.0366320025
-9.0477868423	0.0406866960
-9.0100877305	0.0447172600
-8.9723886187	0.0487178816
-8.9346895068	0.0526827409
-8.8969903950	0.0566060184
-8.8592912831	0.0604819029
-8.8215921713	0.0643045992
-8.7838930594	0.0680683359
-8.7461939476	0.0717673728
-8.7084948358	0.0753960091
-8.6707957239	0.0789485911
-8.6330966121	0.0824195198
-8.5953975002	0.0858032589
-8.5576983884	0.0890943425
-8.5199992765	0.0922873825
-8.4823001647	0.0953770768
-8.4446010528	0.0983582166
-8.4069019410	0.1012256938
-8.3692028292	0.1039745090
-8.3315037173	0.1065997783
-8.2938046055	0.1090967409
-8.2561054936	0.1114607666
-8.2184063818	0.1136873621
-8.1807072699	0.1157721788
-8.1430081581	0.1177110191
-8.1053090463	0.1194998433
-8.0676099344	0.1211347762
-8.0299108226	0.1226121132
-7.9922117107	0.1239283269
-7.9545125989	0.1250800731
-7.9168134870	0.1260641962
-7.8791143752	0.1268777355
-7.8414152634	0.1275179302
-7.8037161515	0.1279822250
-7.7660170397	0.1282682750
-7.7283179278	0.1283739503
-7.6906188160	0.1282973409
-7.6529197041	0.1280367612
-7.6152205923	0.1275907534
-7.5775214805	0.1269580923
-7.5398223686	0.1261377881
-7.5021232568	0.1251290902
-7.4644241449	0.1239314901
-7.4267250331	0.1225447242
-7.3890259212	0.1209687764
-7.3513268094	0.1192038802
-7.3136276976	0.1172505208
-7.2759285857	0.1151094366
-7.2382294739	0.1127816207
-7.2005303620	0.1102683217
-7.1628312502	0.1075710450
-7.1251321383	0.1046915525
-7.0874330265	0.1016318634
-7.0497339147	0.0983942535
-7.0120348028	0.0949812553
-6.9743356910	0.0913956566
-6.9366365791	0.0876404999
-6.8989374673	0.0837190808
-6.8612383554	0.0796349461
-6.8235392436	0.0753918920
-6.7858401318	0.0709939617
-6.7481410199	0.0664454425
-6.7104419081	0.0617508633
-6.6727427962	0.0569149909
-6.6350436844	0.0519428265
-6.5973445725	0.0468396021
-6.5596454607	0.0416107756
-6.5219463489	0.0362620274
-6.4842472370	0.0307992544
-6.4465481252	0.0252285661
-6.4088490133	0.0195562781
-6.3711499015	0.0137889075
-6.3334507896	0.0079331663
-6.2957516778	0.0019959555
-6.2580525660	-0.0040156415
-6.2203534541	-0.0100943652
-6.1826543423	-0.0162327876
-6.1449552304	-0.0224233189
-6.1072561186	-0.0286582150
-6.0695570067	-0.0349295854
-6.0318578949	-0.0412294009
-5.9941587830	-0.0475495016
-5.9564596712	-0.0538816054
-5.9187605594	-0.0602173166
-5.8810614475	-0.0665481343
-5.8433623357	-0.0728654612
-5.8056632238	-0.0791606132
-5.7679641120	-0.0854248279
-5.7302650001	-0.0916492745
-5.6925658883	-0.0978250630
-5.6548667765	-0.1039432538
-5.6171676646	-0.1099948675
-5.5794685528	-0.1159708950
-5.5417694409	-0.1218623069
-5.5040703291	-0.1276600639
-5.4663712172	-0.1333551269
-5.4286721054	-0.1389384671
-5.3909729936	-0.1444010761
-5.3532738817	-0.1497339764
-5.3155747699	-0.1549282313
-5.2778756580	-0.1599749559
-5.2401765462	-0.1648653265
-5.2024774343	-0.1695905917
-5.1647783225	-0.1741420823
-5.1270792107	-0.1785112215
-5.0893800988	-0.1826895354
-5.0516809870	-0.1866686630
-5.0139818751	-0.1904403663
-4.9762827633	-0.1939965401
-4.9385836514	-0.1973292226
-4.9008845396	-0.2004306045
-4.8631854278	-0.2032930390
-4.8254863159	-0.2059090515
-4.7877872041	-0.2082713491
-4.7500880922	-0.2103728296
-4.7123889804	-0.2122065908
-4.6746898685	-0.2137659397
-4.6369907567	-0.2150444011
-4.5992916449	-0.2160357262
-4.5615925330	-0.2167339011
-4.5238934212	-0.2171331548
-4.4861943093	-0.2172279678
-4.4484951975	-0.2170130788
-4.4107960856	-0.2164834933
-4.3730969738	-0.2156344901
-4.3353978620	-0.2144616286
-4.2976987501	-0.2129607555
-4.2599996383	-0.2111280113
-4.2223005264	-0.2089598362
-4.1846014146	-0.2064529764
-4.1469023027	-0.2036044893
-4.1092031909	-0.2004117488
-4.0715040791	-0.1968724504
-4.0338049672	-0.1929846157
-3.9961058554	-0.1887465968
-3.9584067435	-0.1841570800
-3.9207076317	-0.1792150897
-3.8830085198	-0.1739199913
-3.8453094080	-0.1682714947
-3.8076102962	-0.1622696560
-3.7699111843	-0.1559148806
-3.7322120725	-0.1492079243
-3.6945129606	-0.1421498951
-3.6568138488	-0.1347422543
-3.6191147369	-0.1269868170
-3.5814156251	-0.1188857525
-3.5437165132	-0.1104415845
-3.5060174014	-0.1016571905
-3.4683182896	-0.0925358006
-3.4306191777	-0.0830809973
-3.3929200659	-0.0732967127
-3.3552209540	-0.0631872276
-3.3175218422	-0.0527571685
-3.2798227303	-0.0420115055
-3.2421236185	-0.0309555485
-3.2044245067	-0.0195949442
-3.1667253948	-0.0079356724
-3.1290262830	0.0040159586
-3.0913271711	0.0162533163
-3.0536280593	0.0287694489
-3.0159289474	0.0415570909
-2.9782298356	0.0546086683
-2.9405307238	0.0679163047
-2.9028316119	0.0814718277
-2.8651325001	0.0952667758
-2.8274333882	0.1092924048
-2.7897342764	0.1235396956
-2.7520351645	0.1379993615
-2.7143360527	0.1526618565
-2.6766369409	0.1675173832
-2.6389378290	0.1825559014
-2.6012387172	0.1977671370
-2.5635396053	0.2131405911
-2.5258404935	0.2286655491
-2.4881413816	0.2443310907
-2.4504422698	0.2601260995
-2.4127431580	0.2760392731
-2.3750440461	0.2920591334
-2.3373449343	0.3081740373
-2.2996458224	0.3243721873
-2.2619467106	0.3406416425
-2.2242475987	0.3569703297
-2.1865484869	0.3733460546
-2.1488493751	0.3897565133
-2.1111502632	0.4061893041
-2.0734511514	0.4226319388
-2.0357520395	0.4390718549
-1.9980529277	0.4554964276
-1.9603538158	0.4718929814
-1.9226547040	0.4882488029
-1.8849555922	0.5045511524
-1.8472564803	0.5207872766
-1.8095573685	0.5369444207
-1.7718582566	0.5530098408
-1.7341591448	0.5689708163
-1.6964600329	0.5848146623
-1.6587609211	0.6005287420
-1.6210618093	0.6161004787
-1.5833626974	0.6315173686
-1.5456635856	0.6467669929
-1.5079644737	0.6618370299
-1.4702653619	0.6767152670
-1.4325662500	0.6913896133
-1.3948671382	0.7058481110
-1.3571680264	0.7200789472
-1.3194689145	0.7340704661
-1.2817698027	0.7478111803
-1.2440706908	0.7612897820
-1.2063715790	0.7744951545
-1.1686724671	0.7874163833
-1.1309733553	0.8000427669
-1.0932742434	0.8123638274
-1.0555751316	0.8243693212
-1.0178760198	0.8360492489
-0.9801769079	0.8473938658
-0.9424777961	0.8583936913
-0.9047786842	0.8690395185
-0.8670795724	0.8793224236
-0.8293804605	0.8892337744
-0.7916813487	0.8987652398
-0.7539822369	0.9079087974
-0.7162831250	0.9166567420
-0.6785840132	0.9250016934
-0.6408849013	0.9329366035
-0.6031857895	0.9404547637
-0.5654866776	0.9475498118
-0.5277875658	0.9542157380
-0.4900884540	0.9604468915
-0.4523893421	0.9662379856
-0.4146902303	0.9715841037
-0.3769911184	0.9764807039
-0.3392920066	0.9809236235
-0.3015928947	0.9849090836
-0.2638937829	0.9884336926
-0.2261946711	0.9914944499
-0.1884955592	0.9940887486
-0.1507964474	0.9962143786
-0.1130973355	0.9978695284
-0.0753982237	0.9990527873
-0.0376991118	0.9997631463
0.0000000000	1.0000000000
0.0376991118	0.9997631463
0.0753982237	0.9990527873
0.1130973355	0.9978695284
0.1507964474	0.9962143786
0.1884955592	0.9940887486
0.2261946711	0.9914944499
0.2638937829	0.9884336926
0.3015928947	0.9849090836
0.3392920066	0.9809236235
0.3769911184	0.9764807039
0.4146902303	0.9715841037
0.4523893421	0.9662379856
0.4900884540	0.9604468915
0.5277875658	0.9542157380
0.5654866776	0.9475498118
0.6031857895	0.9404547637
0.6408849013	0.9329366035
0.6785840132	0.9250016934
0.7162831250	0.9166567420
0.7539822369	0.9079087974
0.7916813487	0.8987652398
0.8293804605	0.8892337744
0.8670795724	0.8793224236
0.9047786842	0.8690395185
0.9424777961	0.8583936913
0.9801769079	0.8473938658
1.0178760198	0.8360492489
1.0555751316	0.8243693212
1.0932742434	0.8123638274
1.1309733553	0.8000427669
1.1686724671	0.7874163833
1.2063715790	0.7744951545
1.2440706908	0.7612897820
1.2817698027	0.7478111803
1.3194689145	0.7340704661
1.3571680264	0.7200789472
1.3948671382	0.7058481110
1.4325662500	0.6913896133
1.4702653619	0.6767152670
1.5079644737	0.6618370299
1.5456635856	0.6467669929
1.5833626974	0.6315173686
1.6210618093	0.6161004787
1.6587609211	0.6005287420
1.6964600329	0.5848146623
1.7341591448	0.5689708163
1.7718582566	0.5530098408
1.8095573685	0.5369444207
1.8472564803	0.5207872766
1.8849555922	0.5045511524
1.9226547040	0.4882488029
1.9603538158	0.4718929814
1.9980529277	0.4554964276
2.0357520395	0.4390718549
2.0734511514	0.4226319388
2.1111502632	0.4061893041
2.1488493751	0.3897565133
2.1865484869	0.3733460546
2.2242475987	0.3569703297
2.2619467106	0.3406416425
2.2996458224	0.3243721873
2.3373449343	0.3081740373
2.3750440461	0.2920591334
2.4127431580	0.2760392731
2.4504422698	0.2601260995
2.4881413816	0.2443310907
2.5258404935	0.2286655491
2.5635396053	0.2131405911
2.6012387172	0.1977671370
2.6389378290	0.1825559014
2.6766369409	0.1675173832
2.7143360527	0.1526618565
2.7520351645	0.1379993615
2.7897342764	0.1235396956
2.8274333882	0.1092924048
2.8651325001	0.0952667758
2.9028316119	0.0814718277
2.9405307238	0.0679163047
2.9782298356	0.0546086683
3.0159289474	0.0415570909
3.0536280593	0.0287694489
3.0913271711	0.0162533163
3.1290262830	0.0040159586
3.1667253948	-0.0079356724
3.2044245067	-0.0195949442
3.2421236185	-0.0309555485
3.2798227303	-0.0420115055
3.3175218422	-0.0527571685
3.3552209540	-0.0631872276
3.3929200659	-0.0732967127
3.4306191777	-0.0830809973
3.4683182896	-0.0925358006
3.5060174014	-0.1016571905
3.5437165132	-0.1104415845
3.5814156251	-0.1188857525
3.6191147369	-0.1269868170
3.6568138488	-0.1347422543
3.6945129606	-0.1421498951
3.7322120725	-0.1492079243
3.7699111843	-0.1559148806
3.8076102962	-0.1622696560
3.8453094080	-0.1682714947
3.8830085198	-0.1739199913
3.9207076317	-0.1792150897
3.9584067435	-0.1841570800
3.9961058554	-0.1887465968
4.0338049672	-0.1929846157
4.0715040791	-0.1968724504
4.1092031909	-0.2004117488
4.1469023027	-0.2036044893
4.1846014146	-0.2064529764
4.2223005264	-0.2089598362
4.2599996383	-0.2111280113
4.2976987501	-0.2129607555
4.3353978620	-0.2144616286
4.3730969738	-0.2156344901
4.4107960856	-0.2164834933
4.4484951975	-0.2170130788
4.4861943093	-0.2172279678
4.5238934212	-0.2171331548
4.5615925330	-0.2167339011
4.5992916449	-0.2160357262
4.6369907567	-0.2150444011
4.6746898685	-0.2137659397
4.7123889804	-0.2122065908
4.7500880922	-0.2103728296
4.7877872041	-0.2082713491
4.8254863159	-0.2059090515
4.8631854278	-0.2032930390
4.9008845396	-0.2004306045
4.9385836514	-0.1973292226
4.9762827633	-0.1939965401
5.0139818751	-0.1904403663
5.0516809870	-0.1866686630
5.0893800988	-0.1826895354
5.1270792107	-0.1785112215
5.1647783225	-0.1741420823
5.2024774343	-0.1695905917
5.2401765462	-0.1648653265
5.2778756580	-0.1599749559
5.3155747699	-0.1549282313
5.3532738817	-0.1497339764
5.3909729936	-0.1444010761
5.4286721054	-0.1389384671
5.4663712172	-0.1333551269
5.5040703291	-0.1276600639
5.5417694409	-0.1218623069
5.5794685528	-0.1159708950
5.6171676646	-0.1099948675
5.6548667765	-0.1039432538
5.6925658883	-0.0978250630
5.7302650001	-0.0916492745
5.7679641120	-0.0854248279
5.8056632238	-0.0791606132
5.8433623357	-0.0728654612
5.8810614475	-0.0665481343
5.9187605594	-0.0602173166
5.9564596712	-0.0538816054
5.9941587830	-0.0475495016
6.0318578949	-0.0412294009
6.0695570067	-0.0349295854
6.1072561186	-0.0286582150
6.1449552304	-0.0224233189
6.1826543423	-0.0162327876
6.2203534541	-0.0100943652
6.2580525660	-0.0040156415
6.2957516778	0.0019959555
6.3334507896	0.0079331663
6.3711499015	0.0137889075
6.4088490133	0.0195562781
6.4465481252	0.0252285661
6.4842472370	0.0307992544
6.5219463489	0.0362620274
6.5596454607	0.0416107756
6.5973445725	0.0468396021
6.6350436844	0.0519428265
6.6727427962	0.0569149909
6.7104419081	0.0617508633
6.7481410199	0.0664454425
6.7858401318	0.0709939617
6.8235392436	0.0753918920
6.8612383554	0.0796349461
6.8989374673	0.0837190808
6.9366365791	0.0876404999
6.9743356910	0.0913956566
7.0120348028	0.0949812553
7.0497339147	0.0983942535
7.0874330265	0.1016318634
7.1251321383	0.1046915525
7.1628312502	0.1075710450
7.2005303620	0.1102683217
7.2382294739	0.1127816207
7.2759285857	0.1151094366
7.3136276976	0.1172505208
7.3513268094	0.1192038802
7.3890259212	0.1209687764
7.4267250331	0.1225447242
7.4644241449	0.1239314901
7.5021232568	0.1251290902
7.5398223686	0.1261377881
7.5775214805	0.1269580923
7.6152205923	0.1275907534
7.6529197041	0.1280367612
7.6906188160	0.1282973409
7.7283179278	0.1283739503
7.7660170397	0.1282682750
7.8037161515	0.1279822250
7.8414152634	0.1275179302
7.8791143752	0.1268777355
7.9168134870	0.1260641962
7.9545125989	0.1250800731
7.9922117107	0.1239283269
8.0299108226	0.1226121132
8.0676099344	0.1211347762
8.1053090463	0.1194998433
8.1430081581	0.1177110191
8.1807072699	0.1157721788
8.2184063818	0.1136873621
8.2561054936	0.1114607666
8.2938046055	0.1090967409
8.3315037173	0.1065997783
8.3692028292	0.1039745090
8.4069019410	0.1012256938
8.4446010528	0.0983582166
8.4823001647	0.0953770768
8.5199992765	0.0922873825
8.5576983884	0.0890943425
8.5953975002	0.0858032589
8.6330966121	0.0824195198
8.6707957239	0.0789485911
8.7084948358	0.0753960091
8.7461939476	0.0717673728
8.7838930594	0.0680683359
8.8215921713	0.0643045992
8.8592912831	0.0604819029
8.8969903950	0.0566060184
8.9346895068	0.0526827409
8.9723886187	0.0487178816
9.0100877305	0.0447172600
9.0477868423	0.0406866960
9.0854859542	0.0366320025
9.1231850660	0.0325589780
9.1608841779	0.0284733986
9.1985832897	0.0243810111
9.2362824016	0.0202875255
9.2739815134	0.0161986078
9.3116806252	0.0121198728
9.3493797371	0.0080568773
9.3870788489	0.0040151130
9.4247779608	0.0000000000
9.4624770726	-0.0039831201
9.5001761845	-0.0079289904
9.5378752963	-0.0118324450
9.5755744081	-0.0156884154
9.6132735200	-0.0194919362
9.6509726318	-0.0232381512
9.6886717437	-0.0269223185
9.7263708555	-0.0305398165
9.7640699674	-0.0340861491
9.8017690792	-0.0375569501
9.8394681910	-0.0409479890
9.8771673029	-0.0442551749
9.9148664147	-0.0474745612
9.9525655266	-0.0506023497
9.9902646384	-0.0536348950
10.0279637503	-0.0565687076
10.0656628621	-0.0594004579
10.1033619739	-0.0621269794
10.1410610858	-0.0647452717
10.1787601976	-0.0672525035
10.2164593095	-0.0696460149
10.2541584213	-0.0719233200
10.2918575332	-0.0740821089
10.3295566450	-0.0761202498
10.3672557568	-0.0780357901
10.4049548687	-0.0798269584
10.4426539805	-0.0814921651
10.4803530924	-0.0830300036
10.5180522042	-0.0844392509
10.5557513161	-0.0857188679
10.5934504279	-0.0868679996
10.6311495397	-0.0878859750
10.6688486516	-0.0887723067
10.7065477634	-0.0895266906
10.7442468753	-0.0901490046
10.7819459871	-0.0906393080
10.8196450990	-0.0909978401
10.8573442108	-0.0912250184
10.8950433226	-0.0913214374
10.9327424345	-0.0912878662
10.9704415463	-0.0911252464
11.0081406582	-0.0908346900
11.0458397700	-0.0904174764
11.0835388819	-0.0898750498
11.1212379937	-0.0892090163
11.1589371056	-0.0884211404
11.1966362174	-0.0875133418
11.2343353292	-0.0864876919
11.2720344411	-0.0853464099
11.3097335529	-0.0840918587
11.3474326648	-0.0827265414
11.3851317766	-0.0812530961
11.4228308885	-0.0796742926
11.4605300003	-0.0779930269
11.4982291121	-0.0762123168
11.5359282240	-0.0743352975
11.5736273358	-0.0723652158
11.6113264477	-0.0703054259
11.6490255595	-0.0681593833
11.6867246714	-0.0659306405
11.7244237832	-0.0636228406
11.7621228950	-0.0612397125
11.7998220069	-0.0587850652
11.8375211187	-0.0562627818
11.8752202306	-0.0536768142
11.9129193424	-0.0510311772
11.9506184543	-0.0483299426
11.9883175661	-0.0455772333
12.0260166779	-0.0427772177
12.0637157898	-0.0399341034
12.1014149016	-0.0370521315
12.1391140135	-0.0341355704
12.1768131253	-0.0311887102
12.2145122372	-0.0282158564
12.2522113490	-0.0252213242
12.2899104608	-0.0222094324
12.3276095727	-0.0191844977
12.3653086845	-0.0161508285
12.4030077964	-0.0131127197
12.4407069082	-0.0100744463
12.4784060201	-0.0070402579
12.5161051319	-0.0040143733
12.5538042437	-0.0010009747
12.5915033556	0.0019957979
12.6292024674	0.0049718515
12.6669015793	0.0079231463
12.7046006911	0.0108457002
12.7422998030	0.0137355942
12.7799989148	0.0165889771
12.8176980266	0.0194020710
12.8553971385	0.0221711752
12.8930962503	0.0248926715
12.9307953622	0.0275630283
12.9684944740	0.0301788051
13.0061935859	0.0327366565
13.0438926977	0.0352333365
13.0815918095	0.0376657022
13.1192909214	0.0400307176
13.1569900332	0.0423254570
13.1946891451	0.0445471088
13.2323882569	0.0466929779
13.2700873688	0.0487604899
13.3077864806	0.0507471929
13.3454855924	0.0526507608
13.3831847043	0.0544689955
13.4208838161	0.0561998294
13.4585829280	0.0578413274
13.4962820398	0.0593916889
13.5339811517	0.0608492496
13.5716802635	0.0622124828
13.6093793754	0.0634800011
13.6470784872	0.0646505571
13.6847775990	0.0657230448
13.7224767109	0.0666965003
13.7601758227	0.0675701021
13.7978749346	0.0683431717
13.8355740464	0.0690151736
13.8732731583	0.0695857155
13.9109722701	0.0700545479
13.9486713819	0.0704215637
13.9863704938	0.0706867979
14.0240696056	0.0708504263
14.0617687175	0.0709127650
14.0994678293	0.0708742688
14.1371669412	0.0707355303
14.1748660530	0.0704972780
14.2125651648	0.0701603749
14.2502642767	0.0697258164
14.2879633885	0.0691947283
14.3256625004	0.0685683647
14.3633616122	0.0678481054
14.4010607241	0.0670354537
14.4387598359	0.0661320332
14.4764589477	0.0651395855
14.5141580596	0.0640599670
14.5518571714	0.0628951454
14.5895562833	0.0616471971
14.6272553951	0.0603183032
14.6649545070	0.0589107465
14.7026536188	0.0574269072
14.7403527306	0.0558692599
14.7780518425	0.0542403690
14.8157509543	0.0525428852
14.8534500662	0.0507795413
14.8911491780	0.0489531479
14.9288482899	0.0470665892
14.9665474017	0.0451228189
15.0042465135	0.0431248554
15.0419456254	0.0410757776
15.0796447372	0.0389787202
15.1173438491	0.0368368691
15.1550429609	0.0346534570
15.1927420728	0.0324317585
15.2304411846	0.0301750852
15.2681402964	0.0278867814
15.3058394083	0.0255702191
15.3435385201	0.0232287929
15.3812376320	0.0208659158
15.4189367438	0.0184850141
15.4566358557	0.0160895223
15.4943349675	0.0136828790
15.5320340793	0.0112685214
15.5697331912	0.0088498813
15.6074323030	0.0064303796
15.6451314149	0.0040134223
15.6828305267	0.0016023954
15.7205296386	-0.0007993395
15.7582287504	-0.0031884496
15.7959278622	-0.0055616357
15.8336269741	-0.0079156364
15.8713260859	-0.0102472323
15.9090251978	-0.0125532506
15.9467243096	-0.0148305691
15.9844234215	-0.0170761202
16.0221225333	-0.0192868950
16.0598216452	-0.0214599471
16.0975207570	-0.0235923967
16.1352198688	-0.0256814338
16.1729189807	-0.0277243222
16.2106180925	-0.0297184026
16.2483172044	-0.0316610962
16.2860163162	-0.0335499079
16.3237154281	-0.0353824291
16.3614145399	-0.0371563410
16.3991136517	-0.0388694172
16.4368127636	-0.0405195263
16.4745118754	-0.0421046348
16.5122109873	-0.0436228089
16.5499100991	-0.0450722174
16.5876092110	-0.0464511331
16.6253083228	-0.0477579353
16.6630074346	-0.0489911112
16.7007065465	-0.0501492579
16.7384056583	-0.0512310834
16.7761047702	-0.0522354082
16.8138038820	-0.0531611663
16.8515029939	-0.0540074064
16.8892021057	-0.0547732925
16.9269012175	-0.0554581046
16.9646003294	-0.0560612392
17.0022994412	-0.0565822097
17.0399985531	-0.0570206464
17.0776976649	-0.0573762969
17.1153967768	-0.0576490254
17.1530958886	-0.0578388128
17.1907950004	-0.0579457558
17.2284941123	-0.0579700669
17.2661932241	-0.0579120731
17.3038923360	-0.0577722151
17.3415914478	-0.0575510461
17.3792905597	-0.0572492308
17.4169896715	-0.0568675440
17.4546887833	-0.0564068685
17.4923878952	-0.0558681942
17.5300870070	-0.0552526157
17.5677861189	-0.0545613308
17.6054852307	-0.0537956377
17.6431843426	-0.0529569336
17.6808834544	-0.0520467119
17.7185825662	-0.0510665596
17.7562816781	-0.0500181550
17.7939807899	-0.0489032648
17.8316799018	-0.0477237415
17.8693790136	-0.0464815201
17.9070781255	-0.0451786153
17.9447772373	-0.0438171186
17.9824763491	-0.0423991944
18.0201754610	-0.0409270775
18.0578745728	-0.0394030690
18.0955736847	-0.0378295332
18.1332727965	-0.0362088942
18.1709719084	-0.0345436317
18.2086710202	-0.0328362780
18.2463701320	-0.0310894137
18.2840692439	-0.0293056643
18.3217683557	-0.0274876962
18.3594674676	-0.0256382127
18.3971665794	-0.0237599505
18.4348656913	-0.0218556751
18.4725648031	-0.0199281776
18.5102639150	-0.0179802701
18.5479630268	-0.0160147818
18.5856621386	-0.0140345555
18.6233612505	-0.0120424427
18.6610603623	-0.0100413005
18.6987594742	-0.0080339869
18.7364585860	-0.0060233573
18.7741576979	-0.0040122602
18.8118568097	-0.0020035334
18.8495559215	-0.0000000000
